* radar
0 0 0 0 0 0 0 0 0 0
1 18 0 0 60 80 0 0 1 100 value=-40,-30,dBz 
19 36 0 0 100 200 0 0 100 255  value=-30,-20
37 54 0 0 250 200 0 0 255 255  value=-20,-10
55 73 0 0 175 150 0 0 255 255  value=-10,0
74 91 5 200 120 200 0 10 255 255   value=0,10
92 109 255 255 255 200 20 10 255 255   value=10,20
110 127 255 255 165 80 0 0 255 255   value=20,30
128 145 250 250 0 0 0 0 255 255 value = 30,40
146 163 195 195 5 5 5 5 255 255  value = 40,50
164 181 100 100 0 0 85 85 255 255 
182 200 215 215 0 0 215 215 255 255
201 218 30 30 0 0 35 35 255 255   
219 236 250 250 250 250 250 250 255 255 
237 253 135 135 135 135 135 135 255 255   
254 255 135 135 135 135 135 135 255 255

*estimated rainfall
0 9 51 51 204 204 255 255 60 130 value=0,.1,mm/h
10 19 51 51 204 204 255 255 130 130 value=.1,.2
20 29 0 0 102 102 255 255 130 130 value = 2.,.3
30 39 0 0 102 102 255 255 130 130 value=.3,.4
40 49 0 0 0 0 255 255 130 130 value=.4,.5
50 59 0 0 0 0 255 255 130 130 
60 69 0 0 255 255 0 0 130 130 
70 79 0 0 255 255 0 0 130 130
80 89 0 0 153 153 0 0 130 130 value=2.0,3.0
90 99 0 0 153 153 0 0 130 130 value=3.0,4.0
100 109 0 0 102 102 0 0 130 130  value = 4.0,5.0
110 119 0 0 51 51 0 0 130 130  value=5.0,6.0
120 129 255 255 255 255 0 0 130 130 
130 139 255 255 153 153 0 0 130 130
140 149 255 255 51 51 0 0 130 130
150 159 153 153 51 51 0 0 130 130
160 169 102 102 51 51 0 0 130 130
170 179 255 255 153 153 204 204 130 130
180 189 204 204 102 102 153 153 130 130
190 199 153 153 51 51 102 102 230 230
200 209 102 102 0 0 51 51 230 230
210 219 51 51 0 0 51 51 230 230
220 229 204 204 204 204 204 204 230 230
230 239 255 255 255 255 255 255 230 230
240 249 255 255 255 255 255 255 230 230
250 255 255 255 255 255 255 255 230 230

* old
0 10 0 0 0 0 0 0 0 0 0 100
11 20 0 0 200 200 0 0 100 255 values=-20,-10
21 30 64 32 128 64 255 128 100 255 values=-10,0
31 40 0 0 255 128 0 0 values=0,10
41 50 255 255 255 128 0 0 values=10,20
51 60 255 160 0 0 0 0 values=20,30
61 80 255 128 0 0 255 128 values=30,40
81 200 215 255 215 255 215 255
201 255 128 10 128 10 128 10
* radar
0 10 0 0 0 0 0 0 255
11 40 164 100 164 100 255 192 255 255
41 60 64 32 128 64 255 128
61 80 0 0 255 128 0 0
81 100 255 255 255 128 0 0
101 160 255 160 0 0 0 0
161 180 255 128 0 0 255 128
181 200 215 255 215 255 215 255
201 255 128 10 128 10 128 10

* radar3
0 9 0 0 100 100 0 0 0 255
10 19 0 0 200 200 0 0 255 255
20 29 0 0 0 0 0 0 255 0
30 39 0 0 0 0 0 0 255 255
40 49 0 0 0 0 0 0 255 255
50 59 0 0 0 0 0 0 255 255
60 69 0 0 0 0 0 0 255 255
70 79 0 0 0 0 0 0 255 255
80 89 0 0 0 0 0 0 255 255
90 99 0 0 0 0 0 0 255 255
100 109 0 0 0 0 0 0 255 255
110 119 0 0 0 0 0 0 255 255
120 129 0 0 0 0 0 0 255 255
130 139 0 0 0 0 0 0 255 255
140 149 0 0 0 0 0 0 255 255
150 159 0 0 0 0 0 0 255 255
160 169 0 0 0 0 0 0 255 255
170 179 0 0 0 0 0 0 255 255
180 189 0 0 0 0 0 0 255 255
190 199 0 0 0 0 0 0 255 255
200 209 0 0 0 0 0 0 255 255
210 219 0 0 0 0 0 0 255 255
220 229 0 0 0 0 0 0 255 255
230 239 0 0 0 0 0 0 255 255
240 249 0 0 0 0 0 0 255 255
250 255 0 0 0 0 0 0 255 255

*estimated rainfall 3
0 9 100 100 0 0 0 0 255 255
10 19 0 0 0 0 0 0 255 255
20 29 0 0 0 0 0 0 255 255
30 39 0 0 0 0 0 0 255 255
40 49 0 0 0 0 0 0 255 255
50 59 0 0 0 0 0 0 255 255
60 69 0 0 0 0 0 0 255 255
70 79 0 0 0 0 0 0 255 255
80 89 0 0 0 0 0 0 255 255
90 99 0 0 0 0 0 0 255 255
100 109 0 0 0 0 0 0 255 255
110 119 0 0 0 0 0 0 255 255
120 129 0 0 0 0 0 0 255 255
130 139 0 0 0 0 0 0 255 255
140 149 0 0 0 0 0 0 255 255
150 159 0 0 0 0 0 0 255 255
160 169 0 0 0 0 0 0 255 255
170 179 0 0 0 0 0 0 255 255
180 189 0 0 0 0 0 0 255 255
190 199 0 0 0 0 0 0 255 255
200 209 0 0 0 0 0 0 255 255
210 219 0 0 0 0 0 0 255 255
220 229 0 0 0 0 0 0 255 255
230 239 0 0 0 0 0 0 255 255
240 249 0 0 0 0 0 0 255 255
250 255 0 0 0 0 0 0 255 255

* radar 4
0 10 0 0 0 0 0
11 40 164 100 164 100 255 192
41 60 64 32 128 64 255 128
61 80 0 0 255 128 0 0
81 100 255 255 255 128 0 0
101 160 255 160 0 0 0 0
161 180 255 128 0 0 255 128
181 200 215 255 215 255 215 255
201 255 128 10 128 10 128 10

* red
0 255 0 255 0 0 0 0


*green
0 255 0 0 0 255 0 0

* blue
0 255 0 0 0 0 0 255
* radar
0 10 0 0 0 0 0 0
11 100 0 0 0 0 255 255
101 255 0 0 0 0 0 0

* other
0 10 0 0 0 0 0 0 0 0
11 100 0 0 0 0 0 0
101 255 0 0 0 0 0 0 0 0 

